31  10  1   1   1 1 1 1 1 1 1 1 1 0
32  8   3   3   1 1 1 1 0 0 0 1 1 1
33  4   7   2   0 1 0 0 1 0 1 1 0 0
34  8   3   2   0 1 0 1 1 1 1 0 1 1
35  10  1   8   1 0 1 1 1 1 1 1 1 1
36  6   5   1   1 0 1 0 0 0 1 1 1 0
37  9   2   2   1 1 0 1 1 1 1 0 1 1
38  9   2   4   1 1 0 1 1 0 1 1 1 1
39  7   4   1   1 1 1 1 0 0 1 0 1 0
40  11  0   11  1 1 1 1 1 1 1 1 1 1
41  4   7   1   0 0 0 0 1 1 1 0 1 0
42  9   2   8   0 0 1 1 1 1 1 1 1 1
43  0   0  
44  10  1   4   1 1 1 1 1 0 1 1 1 1
45  7   4   4   1 1 0 0 1 0 1 1 1 1
46  1   0   1   1
47  11  0   11  1 1 1 1 1 1 1 1 1 1
48  10  1   4   1 1 1 1 1 0 1 1 1 1
49  11  0   11  1 1 1 1 1 1 1 1 1 1
50  6   5   3   1 1 1 0 1 0 1 0 0 0
51  10  1   7   1 1 0 1 1 1 1 1 1 1
52  4   2   1   1 1 0 1 0 1
53  9   2   1   1 1 0 1 1 1 1 1 1 0
54  10  1   7   1 1 0 1 1 1 1 1 1 1
55  5   6   1   0 0 1 0 1 0 0 1 1 0
56  10  1   8   1 0 1 1 1 1 1 1 1 1
57  6   5   1   0 0 0 1 1 1 1 1 1 0
58  0   0  
59  8   3   2   1 1 1 0 1 1 1 1 0 0
60  9   0   9   1 1 1 1 1 1 1 1 1
