31  7   0   7   1 1 1 1 1 1 1
32  5   2   2   1 1 1 1 1 0 0
33  2   5   5   1 1 0 0 0 0 0
34  7   0   7   1 1 1 1 1 1 1
35  7   0   7   1 1 1 1 1 1 1
36  4   3   1   1 1 0 1 0 0 1
37  7   0   7   1 1 1 1 1 1 1
38  6   1   3   1 1 1 0 1 1 1
39  7   0   7   1 1 1 1 1 1 1
40  7   0   7   1 1 1 1 1 1 1
41  4   3   2   1 1 1 0 1 0 0
42  7   0   7   1 1 1 1 1 1 1
43  6   1   5   1 0 1 1 1 1 1
44  7   0   7   1 1 1 1 1 1 1
45  5   2   1   1 1 1 1 0 0 1
46  5   2   1   1 1 1 0 1 0 1
47  7   0   7   1 1 1 1 1 1 1
48  7   0   7   1 1 1 1 1 1 1
49  7   0   7   1 1 1 1 1 1 1
50  6   1   1   1 1 1 1 1 1 0
51  7   0   7   1 1 1 1 1 1 1
52  7   0   7   1 1 1 1 1 1 1
53  5   2   1   1 1 1 1 0 1 0
54  4   3   1   1 1 1 0 0 0 1
55  5   2   3   1 1 0 0 1 1 1
56  6   1   1   1 1 1 1 1 0 1
57  6   1   1   1 1 1 1 1 0 1
58  6   1   4   1 1 0 1 1 1 1
59  7   0   7   1 1 1 1 1 1 1
60  6   1   5   1 0 1 1 1 1 1
